#Mkl(1000*1000)
0.001495
0.001475
0.00155
0.001485
0.001502
0.001617
0.001521
0.001474
0.00148
0.001505
0.001471
0.001467
0.001545
0.001536
0.001542
0.00149
0.001482
0.001476
0.001493
0.001489
0.001536
0.001529
0.001532
0.001524
0.001505
0.001517
0.001514
0.001547
0.001524
0.001524
0.001465
0.001498
0.001553
0.001468
0.001508
0.001561
0.001548
0.001529
0.001534
0.001532
0.001939
0.001634
0.001461
0.001523
0.00146
0.001498
0.00146
0.001521
0.001491
0.00146
0.001475
0.001534
0.001451
0.001533
0.001523
0.001467
0.001589
0.001476
0.001456
0.001491
0.00153
0.001451
0.00195
0.001544
0.001475
0.001486
0.001482
0.001485
0.001492
0.001478
0.001506
0.001472
0.001533
0.001474
0.001501
0.001462
0.001584
0.00154
0.001467
0.001537
0.001472
0.001452
0.001672
0.00151
0.001462
0.001469
0.001477
0.001474
0.001501
0.001462
0.001584
0.00154
0.001467
0.001537
0.001472
0.001452
0.001672
0.00151
0.001462



































































































































































































































































































































































































































































































































































































































































































































































































































































































































